Robomow C Series	
	
	
11	0231
12	0435
13	0325
14	0378
15	0435
16	0496
17	0561
18	0630
19	0703
20	0780
21	0861
22	0946
23	1035
24	1128
25	1225
26	1326
27	1431
28	1540
29	1653
30	1770
31	1891
32	2016
33	2145
34	2278
35	2415
36	2556
37	2701
38	2850
39	3003
40	3160
41	3321
42	3486
43	3655
44	3828
45	4005
46	4186
47	4371
48	4560
49	4753
50	4950
51	5151
52	5356
53	5565
54	5778
55	5995
56	6216
57	6441
58	6670
59	6903
60	7140
61	7381
62	7626
63	7875
64	8128
65	8385
66	8646
67	8911
68	9180
69	9453
70	9730
